3
5
0 0
-16 -40
-23 -40
37 6
-12 13
5
0 0
-40 16
-40 23
6 -37
13 12
5
0 0
-40 16
-40 23
6 -37
13 12
5
0 0
-16 -40
-23 -40
37 6
-12 13
3
5
0 0
5 -17
-3 -3
23 26
-8 48
5
0 0
5 -17
-3 -3
23 26
-8 48
5
0 0
17 5
3 -3
-26 23
-48 -8
5
0 0
-17 -5
-3 3
26 -23
48 8
3
5
0 0
14 11
-37 5
-3 22
14 -31
5
0 0
14 11
-37 5
-3 22
14 -31
5
0 0
-11 14
-5 -37
-22 -3
31 14
5
0 0
-14 -11
37 -5
3 -22
-14 31
3
5
0 0
-31 35
11 -36
33 35
5 -32
5
0 0
35 31
-36 -11
35 -33
-32 -5
5
0 0
-35 -31
36 11
-35 33
32 5
5
0 0
-35 -31
36 11
-35 33
32 5
3
5
0 0
-40 19
-6 -22
-21 -24
18 -27
5
0 0
-40 19
-6 -22
-21 -24
18 -27
5
0 0
19 40
-22 6
-24 21
-27 -18
5
0 0
19 40
-22 6
-24 21
-27 -18
3
5
0 0
47 27
34 44
16 -47
48 6
5
0 0
27 -47
44 -34
-47 -16
6 -48
5
0 0
-47 -27
-34 -44
-16 47
-48 -6
5
0 0
47 27
34 44
16 -47
48 6
3
5
0 0
-7 11
20 -26
45 47
-2 35
5
0 0
11 7
-26 -20
47 -45
35 2
5
0 0
11 7
-26 -20
47 -45
35 2
5
0 0
-7 11
20 -26
45 47
-2 35
3
5
0 0
3 16
-50 -18
22 46
-4 42
5
0 0
-3 -16
50 18
-22 -46
4 -42
5
0 0
-16 3
18 -50
-46 22
-42 -4
5
0 0
-3 -16
50 18
-22 -46
4 -42
3
5
0 0
-49 24
-15 40
-47 27
-21 30
5
0 0
-49 24
-15 40
-47 27
-21 30
5
0 0
-24 -49
-40 -15
-27 -47
-30 -21
5
0 0
-24 -49
-40 -15
-27 -47
-30 -21
3
5
0 0
14 -37
16 -10
-21 -25
-43 19
5
0 0
-14 37
-16 10
21 25
43 -19
5
0 0
14 -37
16 -10
-21 -25
-43 19
5
0 0
37 14
10 16
25 -21
-19 -43
3
5
0 0
-20 5
21 19
15 -43
17 45
5
0 0
5 20
19 -21
-43 -15
45 -17
5
0 0
-20 5
21 19
15 -43
17 45
5
0 0
-20 5
21 19
15 -43
17 45
0
